7463025
2801706
5883995
4902985
3913784
4763725
8945794
9160856
2727997
5505100
5638220
624658
4835395
8200304
2488363
7587964
4626514
5255239
6768765
905238
8706201
9056428
6912079
30758
473112
8603811
5476471
3215383
3964954
1011749
4927584
3966993
6529100
6895707
3405831
7944271
71734
2379804
5830757
8894650
4933643
1431637
739402
6813729
4565005
8101936
1650773
4005997
2293874
9136346
3418208
9677003
9625803
2168952
6924338
5761035
8040484
8327201
3432533
1151093
3893329
4620333
419946
36973
4231217
6416400
485491
3194953
2160734
9443345
8186111
9433100
8726529
2998440
8165609
2920633
1376386
7987425
8986640
6133958
8945685
3817625
1679537
4358376
184494
9635903
4268
7495902
5433597
9390141
8861748
5828847
9506856
8007873
2621591
9162827
8128700
530635
3373302
9437270
954569
6342823
8921153
387272
7848122
9361472
7454880
3064063
7055544
4624533
2828541
9578570
7432360
6310073
2337023
5027984
8826971
9629773
1247482
2439372
8124561
3610842
1081597
9085048
770297
8388724
5163193
6090916
1945829
7848077
5001392
3619019
3098927
4966731
1708313
4104509
4366662
9882003
6932847
6277462
493835
5126494
5939531
7987563
7328123
6576498
266514
604435
5812549
7979366
3883291
6383936
7915871
3445019
9187773
1343783
7166291
8214844
1595739
6748453
1247574
7614771
6611247
6578475
1917261
5820681
4067692
2969979
4911389
618832
334168
8087844
5589301
8763876
3262807
2888010
4399401
5196066
1053053
1790314
6263086
8905205
3668292
6422801
6715666
2715998
3582273
1528160
8710649
4579643
905613
1460630
3105194
1907092
5876169
2740667
493973
7143929
6033865
7373287
7549412
8745240
2464187
9777463
2777474
3703190
7377375
2306451
8059338
4790777
9427261
6765012
6947289
6873563
5728739
4708850
6318551
4743664
2595228
7682510
2105755
5239281
4821495
4037116
942543
6545829
6242712
2599407
1798609
3508734
6996391
1133023
4028915
1866195
301524
4659607
6891960
7066040
1907150
6031752
1522122
6115769
2161095
5861822
6412681
1395197
7645598
6590862
3170778
5931434
1577453
4475325
7352713
6212005
1022449
18942
9683309
4794952
6603365
7156334
8575617
4053560
1989144
2263589
7207525
754176
8516234
2122284
4524617
9456287
9745028
7838310
3656229
4483667
8018528
9867917
5843576
5700213
401952
5247607
5376629
4303462
3594782
6484554
7250503
7227971
684581
6138476
7283294
2669081
9677473
115250
7905867
7201371
7455303
9423545
2722324
6412895
3723782
1364565
8983244
9507548
6353455
442967
522833
9138909
5437961
8688347
6545922
1892984
2359875
7582237
7481859
4258354
9343736
2333274
5773858
3840576
6177314
8241664
5634603
2706007
6286046
8647169
4620992
2101927
7486197
4844224
6841059
9142791
7582462
1927821
246419
5212893
6767359
8057570
8505883
6777596
3756706
4434654
574101
3494571
2521732
2732683
3900061
7254729
8035025
5393148
7176898
826047
9054782
1112741
8919615
3656320
6341340
9632300
2491033
3447541
5077641
7566004
2161385
7824062
4025070
5081748
3746528
445148
9255510
8434267
6300349
2423494
5374647
9011820
246505
3291869
7660164
471799
3734218
2656987
5579426
566000
4367035
5010098
422649
6099804
7762805
1162004
6329189
5059402
9237407
6908797
7502694
5796684
5690177
3244845
4381533
7652203
4299616
8592289
9905077
994093
609067
2757385
9722800
2282251
3392281
7080768
1323832
4701032
3447558
4752251
5319522
539452
6941533
6675293
7261014
4588415
3271435
2298649
9194423
6613848
7551798
6542118
2251620
754503
9561055
9405377
7824184
7740198
4303633
3296099
3105661
8606678
8047392
8455131
7156529
5257999
9419758
166752
5978936
2521923
1766269
7738129
6775565
4012886
9100257
7209733
4487989
6621975
8664054
1801064
6933274
9559014
3369802
4703034
3066796
3062694
5936083
7967731
4207567
2632632
4424659
9376542
7726054
4824028
9609991
7607276
6882292
2034561
3779494
1145742
7119820
9169707
9857847
4346848
738221
2034611
5073888
7746510
6798303
7853006
7734197
4121597
2044891
8254395
2468835
576462
8756035
1395677
1784784
4354957
2548713
2952190
2675709
8815443
9909071
4543391
2243581
6290304
3034062
1569781
9911155
8094623
4000728
2198468
1936378
1049592
5411770
7695263
8311700
9069409
5145506
8622958
3029952
5286847
4076495
8561526
4445108
8268681
8792945
7580555
6646685
5694382
3220424
9012083
7699339
23559
3634237
3187771
4553811
4820062
7531621
8615060
4146214
5334095
8440993
2632715
4871277
4318315
2536461
31788
3279876
5475438
7885893
5258256
8217660
8393922
5846043
8733895
4215811
783436
9565400
3857527
2161774
4903941
363605
5792777
7965742
5336070
8330278
9991363
7834667
2948211
7738390
7627798
9430251
5694527
7578648
4037712
8944870
6960155
9477347
1293419
7568392
3669068
373881
3228751
4328508
4662471
9022475
8047869
5278936
7378170
6200533
3675316
7029989
1838227
2782373
2270381
1959053
5102812
5006558
4490455
7034108
8144103
6974711
2174087
908459
5291257
7627997
2956422
5162211
6376656
2294930
8453171
7097560
3191941
2491539
7158997
3445901
6743258
898252
5362832
3788028
4060405
1957076
3742957
2471154
5856398
6233222
623828
2163966
8555616
2462919
4932782
2415810
8737901
9839738
3712214
5555386
7390338
50423
8723581
5033141
9675882
3202252
2899245
8676743
3939647
7003502
8238456
5430612
9715100
2084118
8840588
5311837
3429689
576793
9313693
8387945
189716
9764227
1588480
3544367
9108883
2411832
8826266
4853078
2428218
548138
3622165
1779000
9909684
5784957
6479175
1455411
9821619
800043
294179
4994404
1475903
4363624
3054852
6860101
1733940
6796628
3906824
2374929
9084348
8062284
9854379
8932790
2129183
529738
6552871
8095039
3642739
9438681
5612804
1203523
4078956
1887567
8975837
4316439
2749809
298334
802135
6683961
5430541
2727241
3206488
9962996
1076605
5260578
370045
6413592
5639469
7793933
2041187
3896646
3284303
5678377
8127997
288135
1963422
5666259
8062460
3780019
5483992
9469214
3855796
2192817
1445253
5146073
4906451
9663753
986515
3530152
6161856
6593985
5649905
3958171
9241893
2299279
601530
2475409
5823981
4701694
8635715
6340001
4789640
7488944
3663349
2561505
1478110
124361
1179096
4558223
206287
1852881
8846664
2432490
4367763
7644581
5619079
7226811
3737056
8412507
1686980
3106254
4908463
7536021
7959952
8263060
7724447
1701362
9997684
1078781
4801956
5774774
271863
7185817
3061206
1492461
7061099
4550213
9459345
9082507
3839544
7982719
8443530
30219
841223
5082717
6145612
3667493
4036142
3550754
5928526
73238
9885327
4029984
1828356
4705895
5066348
8976032
8205905
1889842
4652660
1803816
615994
671292
2002468
9639597
9531054
8171068
9168587
2381415
9211593
4752909
7429688
1934935
9477852
3149436
8123958
1506904
7487037
6274575
8701653
4054633
9371352
4908566
3057266
7527954
6757892
6180413
9705200
5684786
5439031
5613117
2670145
2645570
9234174
4982334
4279858
6745616
3411534
5951014
2365018
7278316
3782333
4212421
593548
9072135
7880439
1472135
2004619
5615304
4818665
5074669
2674315
5523184
3444368
8177369
50853
1234612
8848942
3511966
4718314
9608738
4134543
2444951
8265416
5783265
8949302
9434703
3526384
1091287
3950325
341705
2320111
7349951
1337028
2838266
2604789
8048288
9610824
5949057
1107662
8730203
6246075
8150680
4206244
3522256
3745503
7028355
6622861
4445866
3493594
9080443
5910189
9455208
888562
532235
7518068
1937175
2785062
8161137
4728647
6836095
5701448
1820472
6514496
4050710
806695
3417887
1449786
3254016
4628340
5183354
8822707
1429295
5521263
628535
9899985
7452470
6836000
2170729
1275739
5566237
1089370
3360639
1326937
2197359
4280085
5299978
786262
7180083
6321983
7266062
7360273
8167199
2436929
7698193
6909708
1247093
3145544
6442764
2189135
6727447
1288034
8009480
4769594
2029416
5662497
2805586
6608670
9074673
4478783
2815829
9326577
2473892
8931082
9545491
4872136
2756524
4480971
143245
1857421
7866347
9889538
3649451
204701
3164079
7208946
5640177
2260869
3200920
7851996
3893143
7841755
4857831
569254
8130508
6576081
6522838
9015103
5502955
2805651
7229399
1365928
1292243
651209
8429381
2621421
49099
5789588
6965159
8081333
7944111
8210341
1714115
6274948
8114087
3170286
3198959
5412786
2439108
1112054
22505
3358681
8341396
8517484
2891714
4544427
7227265
8234893
796668
1775598
4206518
9074547
65530
1970144
