4835395
8200304
2488363
7587964
4626514
5255239
6768765
905238
8706201
9056428
6912079
30758
4446316
8495281
9676962
3981321
4581488
9081023
9271482
2283544
4454520
6328352
5222407
8657102
6285333
8165609
2920633
1376386
7987425
8986640
6133958
8945685
3817625
1679537
4358376
184494
9635903
4268
7495902
5433597
9390141
8861748
5828847
9506856
8007873
2621591
9162827
8128700
530635
3373302
9623747
630874
9930947
3168360
1044566
2029636
9054417
1073227
7811114
9730249
3887195
9984250
5851196
9181418
3158106
9529595
8730862
6285364
5740602
4735013
667771
5898283
8040463
1415278
305272
6009049
3748029
1548434
8511496
1144989
2488490
9531393
6988024
1439873
86165
7698656
2181300
1384578
9080850
9113619
9945101
8237287
8196326
2939057
927918
6123775
8145113
735405
2480268
4540652
604322
2633883
4784378
3575941
3309703
2048163
3301519
6156512
8482879
5603562
4196483
7473339
9453662
8978502
6150285
9132122
6670513
551134
4176103
4012262
7643305
4718743
6633658
7413934
8411236
6514822
3737820
4556973
7725209
7911575
8540278
5132475
5714095
7942275
9240689
3035347
4034752
1349865
9670764
3823928
737545
190721
2750767
8274297
3864887
4460873
7276926
8505749
1079559
5394763
7836014
5151087
4352359
4458860
8896955
7987527
2834708
6799653
3600752
2812269
9077186
8587723
8931777
6951203
5812498
1528157
8909260
1618261
9038296
7928106
6172941
3236196
2955642
7969070
4415773
9626060
7903527
6084867
8413665
6635782
8255768
4206885
362851
665954
6584585
8100118
9271778
5441825
5120317
4796732
5490982
2115927
3369290
4233531
2281823
4041024
4065600
8532477
4948276
5851610
4635074
356737
6558179
2783650
1073564
4536777
8429838
4430290
2034060
4880857
3479974
7733730
440723
4266454
4401625
8956179
4350425
6496706
9484595
7303628
5411319
3961242
9836848
8288723
8749355
1767860
9898297
9703717
8997179
8464692
5704162
7479748
197063
6039962
8505671
3691007
6396326
2689505
4340110
9699675
5214621
6476208
1919432
4589969
7825836
3365356
7752086
7709078
750061
6644109
4012501
9388389
7707013
5147070
3324353
9949539
4667826
2687455
7944591
4891069
7227799
2341336
539124
3520968
7790987
9521519
6803864
3414580
7522931
9704085
758286
7852668
6349422
5884503
4713046
8432278
1456640
3672608
1251850
5685835
9118358
8825508
9214632
9024174
3394074
3543583
9392806
4541038
8161868
7985739
9165502
6754910
8616643
2740845
33352
3922547
5515804
3883634
6406696
838214
5978647
3623545
9818820
6302258
4448784
5136922
1391169
6234635
4370967
1290821
3582560
7187002
6910515
6726203
6724153
2525766
3959389
3891807
7354903
7860765
82538
9470719
4139599
6093359
9691879
4440629
4352564
1081958
7133716
7944704
5485098
1469036
819831
899697
600715
5204684
8653313
805514
5329625
9566746
94861
6884068
377482
4278998
6664946
2937531
9406998
1120907
5509838
3162795
3308201
9998851
1837698
9945655
9329198
7058121
5565168
7994078
8530469
9669172
4057748
5376761
4254444
2149007
9925159
7547586
1600169
3181188
4688626
1266342
5399279
84679
7795376
3033831
9198144
7223968
5968532
4133615
9998922
4901523
3091151
8512096
5618359
1635069
793321
8198810
5235363
2347725
7805575
7445121
3853003
6412947
9400956
5536417
1026806
9857647
4029124
6242981
4694715
1131247
5829465
4774729
1977115
9843603
7586678
9700253
8668047
4324175
9169797
8180595
6341491
3695407
3844903
8606627
7054152
3320593
4696931
6275962
7936863
914218
2155271
9448379
4770661
271146
8184658
6060915
2558741
9845664
3050264
7406409
4885360
6601567
5393260
9364400
170812
699208
7183145
6492967
2329446
3756914
2476905
4350735
308042
5202688
781147
2214773
7254842
3353446
7996204
3216230
3179344
6099774
5929790
2925386
9866224
3605339
5090081
8809449
4039500
3957576
3287878
5403428
5942052
3502922
2483034
7652340
4981710
8600321
5522385
4924365
9589528
3287998
7889910
1778571
1567618
488338
3511203
6542331
5313481
8647450
1762180
7398353
5893118
9513787
1702837
60334
4203503
5702648
1815467
4117391
8246223
6138856
4049800
8129476
4461566
2495389
6503330
8844103
2534372
797640
56260
6558637
3128290
7383968
824285
4729756
7498663
2900987
4563858
3785697
5100439
5008301
7232392
9155425
9724774
2061292
6597521
3795916
2470864
8803187
9587556
9976687
5063604
9214833
8784760
807948
1979423
6444131
7588982
7255147
5678160
8610949
2767907
9114754
5753949
3531833
4707410
5880908
8363111
5153873
74782
2012161
8834215
4949097
2728971
3832857
7312459
4260964
8760494
9602233
6339661
1682487
4961381
4865125
7691335
1365024
1991723
7717955
8594612
5954669
6564947
2780178
4256889
3384329
7767114
66623
148540
9704660
8426690
7455795
1848415
2724970
50245
6196245
4027505
4797445
4727814
3648632
8547538
8918235
5784587
6192136
8748252
2550906
5368844
4903979
4717606
4264995
3802201
7611408
2362434
5905456
1377406
1277030
4244535
1746029
8604920
9555183
6896873
8403969
4175037
5919961
8350971
455810
5565648
9145357
3499193
9143323
1686669
8868882
1657985
3753123
814224
6438142
4615384
8299745
7404783
9626674
1021102
3460245
6427840
3396756
5010667
851110
6575311
2917504
3701910
3312797
3630232
2749585
6917329
1928353
2249887
7769288
9919528
2993388
9614419
4299915
2151661
9401439
8907860
1856719
1801423
2872575
2856191
3235047
6972605
6741182
7683244
9213014
1328330
5035181
1860861
1955070
4078813
2225350
2297039
8645741
1699048
6997148
746763
2985260
1424662
4498752
945418
3562800
4128056
5174598
6780269
3716402
3405113
6919523
4181296
7458145
353556
5250369
8467859
2981177
6169931
9952640
2895159
658705
5971270
5440845
5356912
3368212
1310011
1656113
9207205
2114829
5703013
8346955
8181066
2182425
7867714
2248032
3442032
8629700
4597015
1981772
8213806
3075453
4549907
1142088
8832477
353630
6579514
4932904
5313847
2526529
6204726
7214367
263536
544113
3952061
4087228
2641325
4066744
40326
1572241
2168230
8699148
9055490
3962293
2051474
6159827
7431679
218508
5768651
8136168
388496
8615189
9352471
4847056
2803121
3311021
7431635
8349149
4701667
2479501
6333896
5182951
5889520
2592140
8379860
3067267
2801028
3687818
1863080
6346199
6464981
9616680
2674068
8803641
8967497
8846660
9289033
783822
6432167
2590191
5672349
2072014
1541569
2833916
2356730
5647757
8033702
2069955
6135168
9926004
9375081
7257480
714211
6090167
2923999
490995
820726
6251939
4724150
7671178
4076993
6934120
3866168
3618356
2496034
7620223
867868
3767851
7525990
5199449
6534779
1160713
5887552
564778
8359516
1295920
5062249
3751453
196135
4681327
8062547
7736927
4593261
9172640
4247149
8677033
8787624
6006378
423479
6006380
9502378
243260
1238616
4531726
1441370
7542304
4120170
5570048
7972398
4623889
1275467
9041616
4089444
9733876
2557510
7038473
4621859
8650470
1631871
8871663
1355389
1486438
9535203
9842405
4927038
8064515
7075346
2053733
7753229
2301532
1932959
4714179
990856
546434
6258389
7595775
6133459
6233803
4361946
6254274
9475597
3511978
7755476
5746421
7571152
5691122
8693293
3866259
6717132
2434703
706214
7390941
9498174
4505323
5445350
7769792
841403
1150634
4284154
6338268
1357480
5603051
5160688
1377962
4886155
6844077
4978316
3182327
1330908
5807764
7575203
243410
3358439
6403769
8351398
7718569
214759
1545982
4990631
612069
3503833
2664134
4316847
4591273
7734919
5398182
1703663
9991778
4804274
1416981
7442288
9545619
1003275
1689372
9418634
8310649
4474701
7462776
9922461
3577660
4167475
7849850
8234866
6907769
1138432
6080334
3393312
5293892
2649917
7651169
1548032
9189268
7761775
638739
8906650
4556632
3184431
5539700
3192593
7847766
7087950
6379337
8955812
9146299
7556929
5457760
2371344
9420727
2103065
8740799
4024070
188222
9789397
6580000
5969683
2441068
4253450
1953616
2908001
5859081
8122153
4120426
8732624
354141
7302964
7106354
522086
1830783
1798015
2764620
8197905
9162726
5945140
9693159
1324897
7933710
3446595
7235350
761712
4962101
3153846
9934623
8196082
296852
4265939
9148184
7495649
7288827
9402131
2004926
4683749
2602884
9496372
9832240
2897795
20400
2846622
7847874
5206009
4386804
3196808
7157717
2856848
9236272
542646
1451944
9815892
5642133
7423922
458690
3123178
8912718
5873558
1056705
6639542
1552322
6682547
913362
3178448
9041774
7413654
1263604
5175207
2469839
5771189
6395788
7081859
5781431
7706501
5406631
3176389
9252728
4853693
1650663
6371230
